    PGC      1PGC    d       l         b        sgl       sgb       T    Bt     Ks   logLK   Vls   Vpec    SGX     SGY     SGZ   Fil                   Name       ID    fil    Gp ID
   42407    42407   9.33  298.4607   51.1493  126.6907   -6.6799   1.1   8.70   5.0  11.25   835    135   -5.54    7.43   -1.09  14.0                  NGC4594     31   19.0   11-14 10
   10217     9892   5.73  136.4978   -0.3269  359.5791    0.8309   4.0   5.85   4.5  11.03   222   -208    5.72   -0.04    0.08  14.0                 Maffei-2    221   14.0   14-11 11
   46153    46153   9.02  105.9971   74.2878   76.1990   14.2465   4.0   8.89   5.6  10.98   561   -116    2.09    8.49    2.22  14.1                  NGC5055    210   14.0   14 -5  5
    9031     9031   9.97  140.3846  -17.4156  342.9645   -4.7508   3.1   9.70   5.9  10.95   745     -2    9.50   -2.91   -0.83  14.0                  NGC0891    324   14.0   17 -1  1
   12209    12209   9.08  247.5239  -57.0424  256.4502  -36.8678   0.1   9.32   5.7  10.95   693     12   -1.70   -7.06   -5.45  15.0                  NGC1291    952   53.0   53 -9  7
   28630    28630   3.78  142.0917   40.9000   41.1205    0.5864   2.4   7.07   3.8  10.95   123   -160    2.84    2.48    0.04  14.0                  NGC3031    217   14.0   14-10 10
   47404    47404   8.56  104.8515   68.5609   71.1646   17.3231   4.0   8.34   5.6  10.94   570    -72    2.64    7.73    2.55  14.1                  NGC5194    210   14.0   14 -5  5
    2789     2789   3.70   97.3653  -87.9642  271.5652   -5.0091   5.1   6.61   3.8  10.93   261    -16    0.10   -3.68   -0.32  14.0                  NGC0253    233   14.0   14-13 13
   62836    62836   9.36  332.2237  -26.1460  208.1009   10.3822   4.0   8.61   5.9  10.89   691    -11   -8.12   -4.34    1.69  19.0                  NGC6744    347   19.0   19 -1  1
   46957    46957   3.69  309.5177   19.4181  159.7527   -5.2481  -2.1   7.28   3.9  10.89   298     21   -3.45    1.27   -0.34  14.0                  NGC5128    240   19.0   14-15 15
   39600    39600   7.65  138.3199   68.8423   68.7409    5.5499   4.0   8.47   5.5  10.88   524    -50    2.76    7.10    0.74  14.0                  NGC4258    209   12.0   14 -4  4
   65001    65001   7.12   95.7191   11.6724   10.0313   42.0024   5.9   8.23   5.4  10.86   350   -184    5.21    0.92    4.76  65.0                  NGC6946    265   65.0   14  0  0
   48082    48082   4.93  314.5834   31.9730  147.9323    0.9912   5.0   7.50   4.6  10.86   302    -68   -4.18    2.62    0.09  14.0                  NGC5236    240   19.0   14-15 15
   27077    27077   9.15  208.7108   44.5403   73.5331  -36.4398   4.0   8.83   6.1  10.79   456   -230    2.09    7.06   -5.43  15.0                  NGC2903    271   15.0   15  0  1
   24930    24930   9.81  190.4556   38.7602   55.8670  -33.4183   3.0   9.10   6.3  10.78   381   -355    4.59    6.78   -5.40  15.0                  NGC2683    282   15.0   15 -6  6
   50063    50063   6.65  102.0373   59.7712   63.5814   22.6129   6.0   8.29   5.5  10.76   398   -101    2.73    5.50    2.56  14.1                  NGC5457    216   14.0   14 -9  9
    2557     2557   0.77  121.1744  -21.5731  336.1932   12.5521   3.0   3.27   1.0  10.68   -31    -90    0.69   -0.30    0.17  14.0                      M31    222   14.0   14-12 12
   32007    32256   9.96  233.9517   56.3678   94.0886  -27.0785   3.1  10.14   6.7  10.63   638   -109   -0.63    8.85   -4.53  15.0                  NGC3351    266   15.1   15 -1  1
   45279    46957   3.47  305.2716   13.3402  165.1770  -10.2124   6.1   7.21   4.5  10.59   297     36   -3.30    0.87   -0.62  14.0                  NGC4945    240   19.0   14-15 15
    5974     5974   9.79  138.6171  -45.7055  314.5297   -5.3879   5.2   9.35   6.8  10.57   824     89    6.83   -6.95   -0.92  14.0                  NGC0628    329   14.0   17 -4  4
   43495    43495   4.41  123.3641   76.0079   76.2397    9.4959   2.4   8.54   5.1  10.56   368     37    1.03    4.22    0.73  14.0                  NGC4736    212   14.0   14 -7  7
   32292    32256   9.43  233.5221   57.7525   93.6395  -25.7330  -2.7  10.77   6.8  10.54   569   -138   -0.54    8.48   -4.09  15.0                  NGC3384    266   15.1   15 -1  1
   28655    28630   3.60  141.4095   40.5669   40.7216    1.0544   7.5   7.66   4.7  10.54   363     93    2.73    2.35    0.07  14.0                  NGC3034    217   14.0   14-10 10
   13826    13826   3.43  138.1702   10.5848   10.6081    0.3768   6.0   6.13   4.6  10.54   256     -1    3.37    0.63    0.02  14.0                   IC0342    221   14.0   14-11 11
   44182    44182   4.40  315.6839   84.4222   95.6076    6.1261   2.3   8.73   5.3  10.48   379     49   -0.43    4.35    0.47  14.0                  NGC4826    208   14.0   14  3  3
   42637    42637   7.34  142.8069   84.2225   84.2195    5.7416   6.6   7.98   6.5  10.44   625     75    0.74    7.27    0.73  14.0                  NGC4631    211   14.0   14 -6  6
   34554    34554   6.98  281.2141   26.0988  145.6488  -28.5667   6.9   9.06   6.6  10.36   444    -80   -5.06    3.46   -3.34  14.3                  NGC3621    310   54.0   15  0  0
   31968    31968   9.83  210.0399   61.2548   81.1682  -21.0866   4.0  10.32   7.4  10.34   515   -222    1.41    9.06   -3.54  15.0                  NGC3344    278   15.0   15  0  1
   41618    41618   8.34  292.7362   62.6160  114.8285   -5.3250   6.0   9.62   7.3  10.23   979    353   -3.49    7.54   -0.77  14.0                  NGC4437    247   19.0   14-18 18
   42002    42002   8.85  198.4192   86.4704   88.2896    3.2291   6.0   9.61   7.6  10.17   801    138    0.26    8.83    0.50  14.0                  NGC4559    211   14.0   14 -6  6
    9332     9332   9.55  144.8853  -25.1743  335.4545   -9.4667   7.0   9.78   7.9  10.11   741     24    8.57   -3.91   -1.57  14.0                  NGC0925    324   14.0   17 -1  1
   41333    41333   7.07  137.9945   74.8698   74.7871    5.9372   7.0   8.58   7.4  10.05   618     87    1.85    6.79    0.73  14.0                  NGC4490    209   12.0   14 -4  4
   67045    67045   9.51  341.2957  -45.3852  229.0135   11.8144   5.0  10.07   8.2   9.99   763     50   -6.11   -7.03    1.95  19.0                  NGC7090    351   19.0   19 -4  4
   60921    60921   6.26  100.5726   30.6409   33.1410   34.6337   5.8   9.89   7.3   9.99   293   -176    4.31    2.82    3.56  65.0                  NGC6503    264   65.0   14  0  0
   42863    42637   7.96  140.3366   84.7033   84.6810    6.0193   9.0   7.98   8.0   9.91   661     64    0.73    7.88    0.83  14.0                  NGC4656    211   14.0   14 -6  6
   21396    21396   3.20  150.5693   29.1859   30.7969   -8.3058   6.0   8.13   6.2   9.84   283     43    2.72    1.62   -0.46  14.0                  NGC2403    217   14.0   14-10 10
   71775    71775   9.01  359.3880  -71.3656  256.1847    6.2156   6.8  11.20   8.7   9.74   699     23   -2.14   -8.70    0.98  19.0                   IC5332    354   19.0   19 -7  7
   71220    71220   8.45  105.2405  -18.9374  334.7407   27.6627   5.3   9.99   8.6   9.73   668     35    6.77   -3.19    3.92  65.0                  NGC7640   1207   65.0   65 -4  4
   47847    47847   6.95  310.8305   16.6587  162.6733   -4.4097   8.8   9.59   8.2   9.72   580     58   -6.61    2.06   -0.53  14.0               ESO270-017    241   19.0   14 15 15
   46400    46400   5.16  311.4882   41.3756  138.2836   -0.2102   6.0  10.11   7.6   9.70   472     85   -3.85    3.43   -0.02  14.0                  NGC5068    246   19.0   14 17 17
   73049    73049   3.73    4.5157  -77.1712  261.3011    3.1214   7.4   9.18   6.9   9.70   235    -45   -0.56   -3.68    0.20  14.0                  NGC7793    233   14.0   14-13 13
   42408    42408   5.54  125.3321   55.4659   55.4690   12.0167   5.1  10.06   7.8   9.68   294   -122    3.07    4.46    1.15  14.0                  NGC4605    261   14.0   14  0  0
   46674    46674   3.67  309.7315   25.8384  153.4178   -4.0673  -2.8  10.01   6.9   9.68   230    -45   -3.27    1.64   -0.26  14.0                  NGC5102    240   19.0   14-15 15
   40973    43495   4.26  136.8546   72.4012   72.2957    6.1789   9.8   8.98   7.3   9.65   271    -49    1.29    4.03    0.46  14.0                  NGC4449    212   14.0   14 -7  7
    6595     6595   7.16  138.0268  -33.7791  326.4306   -4.0528   6.0  10.35   8.5   9.62   626     89    5.95   -3.95   -0.51  14.0                  NGC0672    330   14.0   17 -5  5
    5818     2557   0.94  133.6103  -31.3309  328.4673   -0.0900   5.9   5.77   4.1   9.62    37    -34    0.80   -0.49    0.00  14.0                      M33    222   14.0   14-12 12
   42575    42575   7.66  130.5598   75.8326   75.8008    7.7922   8.7  10.86   8.7   9.60   602     28    1.86    7.36    1.04  14.0                  NGC4618    209   12.0   14 -4  4
   39346    39346   4.41  127.4170   47.3621   47.1132   11.3818   8.0   9.02   7.5   9.60   172   -158    2.94    3.17    0.87  14.0                  NGC4236    219   14.0   14 10 10
   29146    28630   4.00  141.9004   41.6595   41.8536    0.8318   7.2  10.19   7.3   9.60   170   -130    2.98    2.67    0.06  14.0                  NGC3077    217   14.0   14-10 10
   32643    32643   9.14  184.7721   63.1620   71.6902  -13.4203   8.9  10.59   9.1   9.59   606    -80    2.79    8.44   -2.12  15.0                  NGC3432    289   15.0   15  8  7
   24171    24171   8.23  248.5728    8.5785  145.0724  -64.1388  -3.1  11.96   9.0   9.54   589    -28   -2.94    2.06   -7.41  15.0               ESO495-021   1011   54.0   54  0  1
   12286    12286   4.32  283.3587  -44.6439  227.9831  -28.2234   7.0   9.02   7.6   9.54   253    -71   -2.55   -2.83   -2.04  14.2                  NGC1313    236   19.0   14-14 14
   39422    39422   4.30  154.5696   77.1568   77.7293    2.4070   6.0   9.75   7.7   9.50   273    -50    0.91    4.20    0.18  14.0                  NGC4244    212   14.0   14 -7  7
   57888    57888   5.87  326.1058   -7.4257  188.4173    7.7854   5.4  10.40   8.4   9.49   409    -31   -5.75   -0.85    0.80  14.0               ESO137-018    243   19.0   14 16 15
    2758     2789   3.71  113.9479  -83.5572  275.9226   -3.7299   6.9   8.61   7.4   9.49   198    -81    0.38   -3.68   -0.24  14.0                  NGC0247    233   14.0   14-13 13
    1014     1014   2.11  332.8820  -75.7309  256.2492   -2.3594   8.8   6.54   6.2   9.48    95    -63   -0.50   -2.05   -0.09  14.0                  NGC0055    234   14.0   14 13 13
   42620    42637   6.93  142.9565   84.1832   84.1818    5.7224  -4.7  12.93   8.8   9.47   556     36    0.70    6.86    0.69  14.0                  NGC4627      0   14.0   14 -6  6
   40596    40596   4.76  162.0948   81.5331   82.3054    2.7324   8.9   9.89   8.0   9.47   328    -29    0.64    4.71    0.23  14.0                  NGC4395    212   14.0   14 -7  7
    6574     6595   7.46  137.9542  -33.8982  326.3065   -4.0028   8.9  10.95   9.0   9.46   533    -27    6.19   -4.13   -0.52  14.0                   IC1727    330   14.0   17 -5  5
     701      701   7.30   43.6860  -80.4343  269.3872    3.2262   5.1  11.30   9.0   9.44   595     48   -0.08   -7.29    0.41  19.0                  NGC0024    355   14.0   19 -8  7
   39423    39600   7.62  140.7707   70.3158   70.2797    4.8064   7.9  11.26   9.1   9.44   581      9    2.56    7.15    0.64  14.0                  NGC4242    209   12.0   14 -4  4
   28120    28630   3.68  143.9145   40.9027   41.3259   -0.7760   5.2  10.02   7.5   9.44   154   -122    2.77    2.43   -0.05  14.0                  NGC2976    217   14.0   14-10 10
    3238     3238   2.09  299.2078  -79.4187  259.8102   -9.5031   6.9   8.39   6.4   9.39   101    -56   -0.37   -2.03   -0.35  14.0                  NGC0300    234   14.0   14-13 13
   71596    71596   9.02  106.7710  -19.3110  334.8394   26.1718   8.7  12.07   9.6   9.38   719     43    7.33   -3.44    3.98  65.0                 UGC12632   1207   65.0   65 -4  4
   18536    18431   8.41  240.8367  -22.8113  233.1721  -69.0148   8.9  10.83   9.5   9.36   509   -122   -1.81   -2.41   -7.85  15.0                  NGC2188    962   53.5   53-14 14
   42447    42734   9.29  296.1753   65.8443  112.4547   -2.6713  -1.8  13.37   9.8   9.33   724     27   -3.54    8.58   -0.43  14.0                  NGC4600      0   11.1   11  2  1
     930      930   6.63   55.9027  -80.6717  271.3799    2.9060   7.7  11.04   9.1   9.32   515     18    0.16   -6.62    0.34  19.0                  NGC0045    355   14.0   19 -8  7
   15345    13826   3.19  143.6821   11.2420   11.9114   -4.9174   9.7   8.30   7.5   9.32    99   -140    3.11    0.66   -0.27  14.0                  NGC1569    221   14.0   14-11 11
   30819    28630   3.95  140.2043   43.6077   43.6324    2.3119   8.9   9.93   8.0   9.31   199    -97    2.86    2.73    0.16  14.0                   IC2574    217   14.0   14-10 10
    4126     4126   3.07  127.0347  -27.0102  331.8495    6.2504  -2.8  10.94   7.5   9.29   195    -35    2.69   -1.44    0.33  14.0                  NGC0404    224   14.0   14 12 12
   65603    65603   5.50  325.1763  -35.8065  216.4573    2.5838   7.0  10.16   8.9   9.23   430     17   -4.42   -3.26    0.25  19.0                   IC5052    348   19.0   19  1  1
   38688    39600   6.90  143.1747   69.0075   69.0713    3.8281   5.9  10.76   9.4   9.23   333   -184    2.46    6.43    0.46  14.0                  NGC4144    212   14.0   14 -7  7
   61922    61922   7.38  327.8675  -22.6504  203.8557    7.1649   8.9  11.99   9.6   9.21   566     13   -6.70   -2.96    0.92  19.0                   IC4710    347   19.0   19 -1  1
   51210    51210   7.00  100.9968   56.4746   60.7022   24.6654   6.9  10.94   9.5   9.20   473    -52    3.11    5.55    2.92  14.1                  NGC5585    216   14.0   14 -9  9
   50216    50063   6.99  100.8318   60.1946   64.3014   22.9326   6.1  11.11   9.5   9.20   425    -99    2.79    5.80    2.72  14.1                  NGC5474    216   14.0   14 -9  9
   11329    11329   6.87  156.3070  -29.1941  331.2174  -19.5893   9.8  10.90   9.5   9.19   508     -7    5.67   -3.12   -2.30  14.4                  NGC1156    340   14.0   17  0  0
   23324    23324   3.46  144.2750   32.6874   33.2556   -2.3567   9.9  10.73   8.0   9.19   327     68    2.89    1.90   -0.14  14.0                 UGC04305    217   14.0   14-10 10
   53639    53639   6.31  324.1171    9.1724  171.5486    7.6330   9.8  12.60   9.4   9.15   382    -91   -6.19    0.92    0.84  14.0               ESO223-009      0          14-16 15
   13115    13115   7.52  148.8102   -6.8408  354.3248  -12.0549   9.0  15.00   9.8   9.14   402   -161    7.32   -0.73   -1.57  14.0                 UGC02773    -99                  
   42336    42336   8.86  296.4247   62.1865  115.8991   -3.9232   8.0  11.48  10.2   9.13   924    260   -3.86    7.95   -0.61  14.0                  NGC4592    247   19.0   14-18 18
   44536    44536   9.95  111.5289   82.0987   82.7893    9.7059   8.9  12.04  10.5   9.11   872    126    1.23    9.73    1.68  14.0                  NGC4861    797   43.0   43 -1  1
   18396    18396   9.02  239.4676  -23.3638  236.9194  -69.3607  10.0  12.85  10.3   9.10   551   -126   -1.74   -2.66   -8.44  15.0               ESO364-029    962   53.5   53-14 14
   16957    16957   3.39  148.5212   13.6572   14.9948   -9.2531   9.9  12.08   8.2   9.09   293     38    3.23    0.87   -0.55  14.0                  UGCA105      0          14-11 11
   48334    48334   3.44  314.8603   30.1060  149.8146    1.0065   8.9   9.87   8.3   9.07   193    -65   -2.97    1.73    0.06  14.0                  NGC5253    240   19.0   14-15 15
    2555     2557   0.79  121.1499  -21.9763  335.7845   12.4896  -4.8   8.22   5.1   9.07    67      8    0.70   -0.32    0.17  14.0                      M32    222   14.0   14-12 12
   49050    49050   3.19  315.8418   25.3539  154.6356    1.3284   8.1  10.77   8.2   9.04   113   -126   -2.88    1.37    0.07  14.0               ESO383-087    240   19.0   14-15 15
   45849    46153   6.05  110.3867   72.5811   74.0498   13.8886   5.9  11.22   9.7   9.00   491     37    1.61    5.65    1.45  14.0                  NGC5023    210   14.0   14 -5  5
   39225    39225   2.92  160.2529   78.0741   79.0206    1.5953   9.8   9.91   8.1   9.00   312     93    0.56    2.86    0.08  14.0                  NGC4214    212   14.0   14 +7  7
   14241    13826   2.98  139.7618   10.6534   10.8534   -1.1697  10.0   9.10   8.2   8.98   291     68    2.93    0.56   -0.06  14.0                   UGCA86      0          14-11 11
   41326    41333   8.91  137.9847   74.8104   74.7274    5.9374   9.7  11.91  10.6   8.97   546   -122    2.33    8.55    0.92  14.0                  NGC4485    209   12.0   14 -4  4
    5896     5896   4.01  273.6742  -73.1201  257.2661  -17.7409   9.0  10.64   8.9   8.96   310     10   -0.84   -3.73   -1.22  14.0                  NGC0625    235   14.0   14 13 13
   20171    20171   7.16  234.3388   -6.6215  182.8833  -83.0691   9.9  13.10  10.2   8.94   491    -46   -0.86   -0.04   -7.11  15.0               ESO558-011     -1   53.5           
   11139    11139   5.87  271.8061  -54.3069  241.7860  -30.2297   8.9  11.51   9.8   8.93   394    -46   -2.40   -4.47   -2.96  14.2               ESO154-023      0          14 14 14
   47762    46957   3.20  310.1846   14.1241  165.1065   -5.3765  -2.9  11.39   8.5   8.92   275     35   -3.08    0.82   -0.30  14.0                  NGC5206    240   19.0   14-15 15
  100169   100169   4.51  129.5671    7.0989    6.2689    8.4827  10.0  10.73   9.3   8.90   293    -45    4.43    0.49    0.67  14.0                     Cas1      0          14-11 11
   31359    31359   7.00  267.5739   28.6204  135.8590  -37.8523   8.0  13.20  10.3   8.88   761    236   -3.97    3.85   -4.30  14.3               ESO501-023    -99                  
 5074576    42637   7.98  139.3113   84.6149   84.5872    6.1099  10.0  13.00  10.6   8.88   583    -15    0.75    7.90    0.85  14.0                NGC4656UV    -99                  
    2429     2557   0.80  120.7164  -21.1387  336.5369   13.0604  -4.8   8.53   5.6   8.88    28    -32    0.71   -0.31    0.18  14.0                   NGC205    222   14.0   14-12 12
   48467    48082   4.78  315.7164   31.7104  148.3029    1.9176   9.7  12.13   9.5   8.87   270    -89   -4.06    2.51    0.16  14.0                  NGC5264    240   19.0   14-15 15
   45717    46957   3.74  306.3160   15.7542  162.9230   -8.8311  10.0  12.23   9.0   8.86   137   -143   -3.53    1.09   -0.57  14.0               ESO269-058      0   23.6   14-15 15
   64181    64181   9.19  334.8870  -32.8446  215.2825   11.0481   7.7  12.71  11.0   8.84   686     -4   -7.36   -5.21    1.76  19.0                   IC4951    347   19.0   19 -1  1
   54392    54392   2.79  326.8056    9.3372  171.6166   10.2908   6.7   9.27   8.4   8.84   328    119   -2.72    0.40    0.50  14.0               ESO274-001    242   19.0   14-16 15
   47368    47368   4.58  113.5013   58.0047   59.4010   17.8457   8.9  11.30   9.5   8.83   353      9    2.22    3.75    1.40  14.0                  NGC5204    216   14.0   14 -9  9
   41063    41063   8.90  137.4196   73.2597   73.1636    6.0369   8.0  13.70  11.0   8.81   598    -69    2.56    8.47    0.94  14.0                   DDO129    -99                  
   39461    39600   7.26  138.7104   68.6763   68.5828    5.3990   8.0  13.10  10.6   8.79   560     16    2.64    6.73    0.68  14.0                  NGC4248    -99                  
   39461    39600   7.11  138.7108   68.6764   68.5828    5.3988   8.0  12.44  10.6   8.78   560     26    2.58    6.59    0.67  14.0                  NGC4248    209   12.0   14 -4  4
   45628    45628   7.80  307.9024   35.5557  143.5510   -3.9563  10.0  15.10  10.8   8.78   463   -121   -6.26    4.62   -0.54  14.0            MCG-04-31-038    -99                  
   35856    35856   5.31  144.5567   59.3128   59.5632    1.7884   9.8  11.24  10.0   8.76   327    -71    2.69    4.58    0.17  14.0                  NGC3738    256   14.0   14  0  0
   16643    16643   9.93  226.5528  -34.1252  271.4499  -62.1846   4.2  14.00  11.4   8.75   663    -82    0.12   -4.63   -8.78  15.0               ESO486-021      0                  
   17250    17250   7.14  198.5690  -16.9156  336.8681  -59.9192   8.0  14.00  10.7   8.74   448    -87    3.29   -1.41   -6.18  15.0                 UGC03303    -99                  
   21600    21600   8.18  203.1004   18.5408   46.5373  -55.4922   9.9  13.55  11.0   8.74   175   -438    3.19    3.36   -6.74  15.0                 UGC03974      0          14 19 19
   14658    14658   7.40  219.5658  -44.5784  278.8677  -51.1389   9.0  14.10  10.8   8.73   774    219    0.72   -4.59   -5.76  15.0               ESO483-013    -99                  
   60849    60849   2.55  328.5515  -17.8494  199.1885    8.6107   9.7  10.78   8.5   8.73   124    -67   -2.38   -0.83    0.38  14.0                   IC4662    244   19.0   14 16 15
   39918    39600   7.29  138.7494   70.3782   70.2900    5.4889   9.8  12.81  10.8   8.72   532    -15    2.45    6.83    0.70  14.0                 UGC07408    209   12.0   14 -4  4
    9962     9962   5.08  282.7932  -51.4272  235.1804  -25.9611   7.5  11.67  10.0   8.72   325    -56   -2.61   -3.75   -2.22  14.2               ESO115-021      0          14-14 14
   41066    41066   6.61  251.6342   83.2921   92.7514    0.1997   7.0  12.38  10.6   8.71   602    106   -0.32    6.60    0.02  14.0                  NGC4455    204   12.0   14  1  1
   45084    45084   6.03  306.9531   45.3564  133.7814   -2.7489   9.5  11.74  10.4   8.71   547     95   -4.17    4.35   -0.29  14.0                   DDO161    245   19.0   14-17 17
   45314    43495   4.34  107.7004   79.0944   80.3390   11.6056   8.8  12.22   9.7   8.71   372     46    0.71    4.19    0.87  14.0                   IC4182    212   14.0   14 -7  7
   21102    21396   3.29  146.4194   28.5356   29.4578   -4.8618   9.8  10.52   9.1   8.71   270     24    2.85    1.61   -0.28  14.0                  NGC2366    217   14.0   14-10 10
  166170    48082   5.01  314.5490   32.2798  147.6241    0.9989  -3.0  14.11  10.0   8.71   179   -196   -4.23    2.68    0.09  14.0                    KK208      0          14-15 15
   67908    67908   1.96  343.9189  -50.1914  234.2318   11.5284   9.7  10.01   8.0   8.70    56    -91   -1.12   -1.56    0.39  14.0                   IC5152    231   14.0   14 13 13
   26761    26761   4.28  291.9664  -18.3570  197.3713  -26.0628   1.6  11.70   9.7   8.69   182   -139   -3.67   -1.15   -1.88  14.0                  NGC2915    251   19.0   14 20 20
   18431    18431   9.62  240.7415  -23.3980  234.3953  -68.6191  10.0  15.23  11.5   8.68   526   -195   -2.04   -2.85   -8.96  15.0           HIPASSJ0607-34      0                  
    1034     1034   4.89   65.7098  -80.0220  273.1300    3.1559  -2.9  13.03  10.1   8.65   432     65    0.27   -4.88    0.27  14.0                  NGC0059      0                  
    7671     7671   5.38  140.9046  -31.5852  328.8061   -6.3070   7.9  10.89  10.3   8.65   388    -16    4.57   -2.77   -0.59  14.0                  NGC0784    332   14.0   17  6  6
   41576    41333   8.70  135.6413   73.9523   73.8515    6.5506   8.0  13.10  11.4   8.63   595    -57    2.40    8.30    0.99  14.0                 UGC07690    -99                  
   16282    16282   5.74  261.0784  -38.7432  231.8278  -45.5429  -2.9  12.75  10.5   8.63   397    -34   -2.48   -3.16   -4.10  14.2                  NGC1705    934   53.0   53  1  1
   49448    50063   7.23  103.6987   60.7967   64.1423   21.4049   9.8  12.77  11.0   8.63   286   -256    2.94    6.06    2.64  14.1                 UGC08837      0          14 -9  9
   17716    17716   6.80  200.6191  -12.3003  345.2606  -62.9516   9.0  11.92  10.9   8.62   303   -207    2.99   -0.79   -6.05  15.0               OrionDwarf      0                  
   29128    29128   1.34  262.1016   23.0703  137.9549  -45.1026   9.1   8.70   7.5   8.57   114     14   -0.70    0.63   -0.95  14.0                  NGC3109    227   14.0   14 12 12
    6699     6699   5.27  136.8741  -28.7076  331.3963   -2.5982   7.5  11.47  10.5   8.56   368    -28    4.62   -2.52   -0.24  14.0                 UGC01281      0          17  6  6
   50073    50073   5.31  317.1558   19.5004  160.5882    1.9051   9.9  11.40  10.5   8.56   277   -121   -5.01    1.76    0.18  14.0                  NGC5408    240   19.0   14-15 15
   47788    47404   8.95  103.9490   67.6120   70.4638   18.0768   6.8  13.44  11.7   8.54   471   -200    2.85    8.02    2.78  14.1                  NGC5229      0          14 -5  5
   15488    13826   2.99  138.3683   16.0207   16.0322    0.7871   7.0  10.08   9.3   8.54   183    -41    2.87    0.83    0.04  14.0                  NGC1560    221   14.0   14-11 11
    6430     6430   4.56  273.0753  -70.2885  255.1384  -19.7393   9.9  12.68  10.3   8.51   292    -50   -1.10   -4.15   -1.54  14.0               ESO245-005      0          14 13 13
    1305     2557   0.79  118.9699   -3.3395  354.4176   17.8657   9.9  11.80   6.5   8.51   -55   -115    0.75   -0.07    0.24  14.0                     IC10    222   14.0   14-12 12
   13163    13163   6.21  261.2809  -51.5385  244.3128  -36.8163   8.5  12.00  11.0   8.50   453    -13   -2.16   -4.48   -3.72  14.2                   IC1959      0          14 14 14
 2807065  2807065   5.80  244.1748   -1.8423  165.7527  -72.6546   0.0   0.00  10.9   8.48   219   -216   -1.68    0.43   -5.54  15.0                HIZSS-021      0                  
   43851    43851   9.17  303.9015   50.7612  128.0473   -3.5072   9.8  13.64  12.0   8.44   643    -45   -5.64    7.21   -0.56  14.0                  UGCA307     31   19.0   11-14 10
   12460    12460   5.54  265.2927  -52.6583  243.1850  -34.2701   8.8  12.17  10.9   8.44   385    -30   -2.07   -4.09   -3.12  14.2                  NGC1311      0          14 14 14
   45916    46957   3.74  306.9676   17.8116  160.9717   -7.8851  -3.9  14.01  10.1   8.42   526    245   -3.50    1.21   -0.51  14.0               ESO269-066      0          14-15 15
   24781    24781   8.60  250.2586   10.9296  142.9758  -61.4240   5.0  14.09  11.9   8.42   475   -170   -3.28    2.48   -7.55  15.0               ESO496-010      0                  
   29284    29284   8.86  140.0335   40.8078   40.8341    2.1193   9.9  13.90  12.0   8.41   511   -154    6.70    5.79    0.33  14.0                 UGC05423      0          14-10 10
   32405    32405   8.50  140.9035   47.1224   47.1831    2.2343   9.8  15.09  11.9   8.41   484   -154    5.77    6.23    0.33  14.0                 UGC05918      0          14  0  0
   39615    39615   7.29  138.4410   69.0539   68.9556    5.5184  10.0  15.82  11.6   8.40   207   -340    2.61    6.77    0.70  14.0                 UGC07356      0          14 -7  7
   20445    20445   7.68  206.0143    9.7145   36.8255  -63.3584   9.9  13.44  11.7   8.40   200   -376    2.76    2.06   -6.86  15.0                 UGC03755      0          14 19 19
 2807061  2807061   6.65  217.7050    0.0871   33.2401  -78.4203  10.0  13.15  11.4   8.40   125   -374    1.12    0.73   -6.51  15.0                HIZSS-003      0                  
   48139    46957   3.32  311.8781   19.2207  160.2668   -3.0714  -3.5  12.79   9.9   8.39   119   -130   -3.12    1.12   -0.18  14.0                  NGC5237    240   19.0   14-15 15
   30997    28630   3.94  137.8942   42.1765   42.0358    3.8516   8.8  12.95  10.3   8.38   222    -73    2.92    2.63    0.26  14.0                 UGC05692      0          14-10 10
   12719    12719   6.66  166.7782  -31.8242  327.1362  -28.2112   7.9  14.22  11.5   8.36   474    -25    4.93   -3.19   -3.15  14.4                 UGC02716      0                  
   41239    39600   7.26  133.2016   69.1662   69.0418    7.3875   9.0  14.10  11.7   8.35   466    -78    2.58    6.72    0.93  14.0                 UGC07639    -99                  
   23769    23769   9.84  179.1472   35.2129   46.0953  -28.5249   9.8  14.47  12.4   8.34   414   -324    6.00    6.23   -4.70  15.0                 UGC04426      0          15  0 10
   63432    63432   8.50  330.3320  -29.2712  210.8376    8.0855  10.0  13.58  12.1   8.33   725     88   -7.23   -4.31    1.20  19.0                   IC4870      0                  
   45992    46153   7.74  107.4574   74.2380   75.9611   13.9208   8.0  14.70  11.9   8.33   698    118    1.82    7.29    1.86  14.0                 UGC08313    -99                  
   27115    27077   8.49  208.8219   44.6727   73.6883  -36.3492   9.8  16.11  12.1   8.33   386   -251    1.92    6.56   -5.03  15.0                 UGC05086      0                  
   39573    39573   2.35  301.4140  -16.9505  195.8333  -17.0647   9.9  11.39   9.3   8.33   160    -17   -2.16   -0.61   -0.69  14.0                   IC3104    252   19.0   14 20 20
   63616    63616   0.51   25.3411  -18.3951  229.0730   57.0920   9.8   8.29   6.0   8.33    52     14   -0.18   -0.21    0.43  14.0                  NGC6822    222   14.0   14-12 12
   47171    46957   3.79  310.1785   20.8836  158.3908   -4.4168  10.0  12.17  10.4   8.31   269    -15   -3.51    1.39   -0.29  14.0               ESO324-024    240   19.0   14-15 15
    2329     2557   0.66  120.7912  -14.4824  343.2677   14.3035  -4.8   9.35   6.6   8.31    79     29    0.61   -0.18    0.16  14.0                   NGC185      0          14-12 12
   62869    62836   9.71  331.8546  -26.3749  208.2563   10.0099   9.0  14.70  12.5   8.29   617   -111   -8.42   -4.53    1.69  19.0               ESO104-044      0                  
   81181    81181   7.40  248.5568    5.5767  151.0783  -65.7353   9.0  15.20  11.9   8.29   552     -2   -2.66    1.47   -6.75  15.0               CGMW2-3473    -99                  
   16389    16389   6.97  247.5401  -38.5030  243.3596  -53.0014   8.0  13.93  11.8   8.28   450    -73   -1.88   -3.75   -5.57  15.0               ESO252-001      0  113.0           
   38148    38148   4.38  138.9093   63.0445   62.9466    4.9346   9.9  12.57  10.8   8.27   304    -24    1.98    3.89    0.38  14.0                  NGC4068      0          14  0  0
   22277    22277   7.88  207.0032   20.8989   54.2093  -56.2240   9.9  15.06  12.1   8.27   225   -366    2.56    3.55   -6.55  15.0                 UGC04115      0          14 19 19
   43255    43255   6.53  124.1077   65.9554   66.1581   11.1532   8.8  13.31  11.7   8.26   574     84    2.59    5.86    1.26  14.0                  NGC4707    209   12.0   14 -4  4
   27910    27910   9.40  225.4922   42.7048   88.1732  -40.9454   9.0  15.00  12.5   8.26   383   -322    0.23    7.10   -6.16  15.0                   IC0559    -99                  
   50262    50063   6.78  101.5958   59.4899   63.4301   22.9438   8.8  14.04  11.8   8.25   465    -43    2.79    5.58    2.64  14.1                  NGC5477      0          14 -9  9
   14149    14149   8.13  174.3077  -27.3087  330.7819  -35.5370  10.0  15.80  12.2   8.25   347   -262    5.77   -3.23   -4.73  14.4                 UGC02905    -99                  
   41636    41636   4.87  164.2851   84.0195   84.6588    3.5894   9.9  12.72  11.1   8.25   335    -31    0.45    4.84    0.30  14.0                 UGC07698      0          14 -7  7
   71464    71464   8.42  357.7781  -69.4864  254.4033    7.0466   9.0  14.02  12.3   8.24   686     55   -2.25   -8.05    1.03  19.0               ESO347-017      0          19 -7  7
   45372    45372   4.83  120.7522   49.3580   49.6127   15.5851   9.9  12.27  11.1   8.24   211   -151    3.01    3.54    1.30  14.0                 UGC08201      0          14 10 10
   41522    41522   9.08  139.3185   76.6713   76.6117    5.7003   4.7  14.75  12.5   8.23   725     44    2.09    8.79    0.90  14.0                 UGC07678      0   12.0           
   47073    48082   5.18  311.9024   31.8936  147.7123   -1.2747   6.9  13.40  11.3   8.22   201   -188   -4.38    2.77   -0.12  14.0                   IC4247      0          14-15 15
   41766    41766   9.20  138.8407   77.5654   77.5034    5.8547   8.0  15.30  12.6   8.20   720     30    1.98    8.94    0.94  14.0                  UGC7719    -99                  
   68672    68672   8.04  346.3458  -54.2352  238.6005   11.0749  10.0  14.70  12.3   8.20   654     51   -4.11   -6.73    1.54  19.0               ESO238-005      0          19 -5  5
   29230    29230   7.69  199.3858   53.4002   71.8992  -25.7811   7.7  14.80  12.2   8.20   443   -133    2.15    6.58   -3.34  15.0                 UGC05427      0                  
   42656    43495   4.58  131.9539   78.4643   78.4221    7.2742   9.9  13.58  11.1   8.19   393     49    0.91    4.45    0.58  14.0                   IC3687      0          14 -7  7
   48368    48082   4.35  315.6600   32.7670  147.2468    1.9851   9.9  14.06  11.0   8.19   370     43   -3.66    2.35    0.15  14.0                   IC4316      0          14-15 15
   29033    29033   9.94  247.5236   35.7661  112.8084  -43.8490  -1.6  15.15  12.8   8.19   212   -534   -2.78    6.61   -6.89  15.0            MCG-01-26-011      0                  
    2004     2557   0.75  119.8170  -14.2528  343.3205   15.2735  -4.8   9.84   7.2   8.18    88     32    0.69   -0.21    0.20  14.0                   NGC147      0          14-12 12
   17302    17302   6.70  223.3685  -27.4239  279.7547  -68.5565   4.0  14.18  12.0   8.16   368   -134    0.41   -2.41   -6.24  15.0               ESO553-046      0                  
   32250    32250   6.93  278.0430   17.9646  153.1242  -34.4185   7.1  13.51  12.1   8.15   414   -105   -5.10    2.58   -3.92  14.3               ESO318-013      0                  
   41093    41333   8.51  138.5104   74.2609   74.1818    5.7730   8.6  15.07  12.6   8.13   462   -177    2.31    8.15    0.86  14.0                    KK149      0                  
   46039    46039   4.26  110.7654   70.6607   72.1869   14.5529   9.9  11.94  11.1   8.13   287    -33    1.26    3.93    1.07  14.0                 UGC08320      0          14 -7  7
   19337    19337   6.34  235.1259  -14.2963  226.8983  -78.9663  10.0  13.19  12.0   8.12   265   -210   -0.83   -0.89   -6.22  15.0               ESO490-017     -1   53.5   53  0  0
   21199    21199   4.63  279.7742  -21.4751  202.2318  -37.1988   9.8  12.96  11.3   8.12   237   -110   -3.41   -1.40   -2.80  14.2               ESO059-001      0          14 20 20
   21614    21600   7.99  203.3949   18.5765   46.9262  -55.6680  10.0  15.00  12.5   8.12   182   -417    3.08    3.29   -6.60  15.0                     KK65      0          14 19 19
     388      388   8.71   24.8340  -79.7884  266.0981    3.1192   5.4  14.43  12.7   8.11   753    100   -0.59   -8.68    0.47  19.0               ESO409-015      0                  
   40791    39422   4.98  148.5970   78.7427   78.9332    4.0247   9.9  13.76  11.5   8.11   246   -128    0.95    4.88    0.35  14.0                 UGC07559      0          14 -7  7
    4013     4013   8.98  131.5244  -61.5353  298.3397   -2.7814   7.5  15.11  12.8   8.10   775    102    4.26   -7.89   -0.44  14.0                 UGC00695      0                  
   43124    43255   6.52  124.6157   65.5005   65.6662   11.0207   9.0  14.60  12.1   8.10   615    126    2.64    5.83    1.25  14.0                 UGC07950    -99                  
   64824    65001   7.15   95.6276   12.3066   10.8893   42.0665  10.0  13.39  12.3   8.10   435   -101    5.21    1.00    4.79  65.0                 UGC11583      0                  
  166077    13826   4.10  138.2010   10.3059   10.3343    0.3158  10.0  13.06  11.1   8.10   160   -147    4.03    0.73    0.02  14.0 	                  KK35      0                         
   52142    52142   5.80   98.7078   54.7081   59.6843   26.6532  10.0  14.10  11.9   8.08   395    -40    2.62    4.47    2.60  14.1                 UGC09405      0          14 -9  9
   46680    46957   3.84  308.9218   19.9810  159.1082   -5.7171  10.0  15.34  11.0   8.08   393    105   -3.57    1.36   -0.38  14.0                    KK197      0          14-15 15
   28731    28630   3.67  142.5015   41.2835   41.5433    0.3339   2.7  15.32  10.9   8.08   376    101    2.75    2.43    0.02  14.0                    KDG61      0          14-10 10
    3844     3844   0.76  129.7378  -60.5774  299.1522   -1.7785   9.9   9.84   7.5   8.07   -96   -154    0.37   -0.66   -0.02  14.0                   IC1613      0          14-12 12
   40904    40904   2.60  137.7520   72.9445   72.8503    5.9290   9.8  12.44  10.2   8.06   257     62    0.76    2.47    0.27  14.0                 UGC07577      0          14 +7  7
    3974     3974   4.82  128.4314  -46.0175  313.3360    1.6064   9.2  13.98  11.6   8.04   344    -17    3.31   -3.50    0.14  14.0                 UGC00685      0          17  6  6
   27605    28630   4.00  140.7283   38.6614   38.7648    1.3354   9.9  13.12  11.2   8.04   306      6    3.12    2.50    0.09  14.0                 UGC05139      0          14-10 10
   72228    72228   4.36   10.6937  -74.5267  260.7778    6.1182   8.6  12.17  11.4   8.03   284    -43   -0.70   -4.28    0.46  14.0               ESO471-006      0          14-13 13
     591      591   8.16  114.0867  -21.2440  334.9193   19.0438   9.0  15.14  12.8   8.02   588    -24    6.99   -3.27    2.66  65.0                 UGC00064      0                  
   47853    47853   4.51  107.4055   64.1905   66.5811   18.3750   8.0  13.67  11.5   8.02   357     19    1.70    3.93    1.42  14.0                  NGC5238      0          14 -9  9
   62572    62836   8.93  330.8885  -24.8121  206.5225    9.4796  10.0  14.90  13.0   8.01   640    -30   -7.88   -3.93    1.47  19.0               ESO104-022      0          19 -1  1
   11842    12209   9.33  246.0982  -58.6184  258.1121  -35.7426  10.0  15.36  13.1   8.01   571   -128   -1.56   -7.41   -5.45  15.0               ESO300-016      0                  
   44982    45084   5.75  306.6163   45.5567  133.5362   -2.9385   9.7  14.33  12.1   7.99   555    124   -3.96    4.16   -0.29  14.0                  UGCA319      0          14-17 17
 4078650  4078650   8.32  257.1505   20.2385  137.0720  -50.4725  10.0  15.50  12.9   7.99   454   -169   -3.88    3.61   -6.42  15.0             LVJ0939-2507    -99                  
   41395    41395   9.42  291.2152   64.0830  113.2038   -5.3062   9.9  16.23  13.2   7.98   964    257   -3.70    8.62   -0.87  14.0            MCG+00-32-016      0                  
   45917    46957   3.74  307.1292   19.4295  159.3860   -7.4710  -2.1  13.84  11.2   7.98   391    111   -3.47    1.31   -0.49  14.0               ESO269-068      0   23.5           
   48280    48280   4.30   23.2737   78.9860   94.6624   16.3434   9.9  14.17  11.5   7.98   288    -35   -0.34    4.11    1.21  14.0                 UGC08638      0          14  0  7
   29388    28630   3.75  142.5904   42.4824   42.7395    0.4384  10.0  14.68  11.2   7.98   137   -144    2.75    2.54    0.03  14.0                 UGC05442      0          14-10 10
 3097827    28630   3.75  144.6159   40.9523   41.4603   -1.2910  -3.0  14.68  11.2   7.98    24   -257    2.81    2.48   -0.08  14.0                     F8D1      0          14-10 10
   72675    72675   7.00  322.4635  -62.2404  242.3117   -3.2282   9.7  13.91  12.6   7.96   481    -44   -3.25   -6.19   -0.39  19.0               ESO149-003      0          19  0  7
   43048    43048   5.47  301.6422   29.0201  148.8746  -10.4975   9.9  13.48  12.1   7.95   337    -73   -4.60    2.78   -1.00  14.0               ESO381-020      0          14-15 15
 4078671  4078671   9.40  247.6289   34.0180  114.0985  -45.3388  -5.0  15.60  13.3   7.94   388   -317   -2.70    6.03   -6.69  15.0             LVJ0956-0929      0                  
   51472    51472   2.84   82.0084   64.4768   74.0673   26.8522   9.9  13.14  10.7   7.94   275     62    0.70    2.44    1.28  14.0                 UGC09240      0          14  8  7
 5072213        0   3.52  310.6221   20.3988  158.9325   -4.0769  -2.0  15.63  11.2   7.93  9999   9999   -3.28    1.26   -0.25  14.0                 CENA-DW1      0                  
 4078612  4078612   9.32  236.0110  -33.0527  254.3950  -62.0869   9.0  15.88  13.3   7.93   609    -90   -1.17   -4.20   -8.24  15.0           HIPASSJ0517-32      0                  
   63000    63000   3.55   94.9742   21.5182   23.2744   41.5918   9.9  13.44  11.2   7.93   153   -113    2.44    1.05    2.36  65.0                  NGC6789      0          14 12 12
   15439    13826   3.22  144.7054   10.5165   11.3211   -6.0086  10.0  11.21  11.0   7.93   104   -137    3.14    0.63   -0.34  14.0                   UGCA92      0          14-11 11
   43072    43072   9.63  298.5580   73.0332  106.0364    0.6739   8.5  15.65  13.4   7.92  1048    326   -2.66    9.25    0.11  14.0                  VCC2037      0                  
   20125    20125   5.29  268.9518  -21.1483  204.4774  -47.1474   9.0  13.82  12.1   7.92   272   -125   -3.27   -1.49   -3.88  14.2                    FG202      0          14 20 20
   39023    39225   2.83  160.6217   77.5893   78.6083    1.3283   9.9  13.67  10.8   7.90   255     43    0.56    2.77    0.07  14.0                  NGC4190      0          14 +7  7
   39058    39058   5.44  128.8694   50.6015   50.3600   10.2718   6.4  14.07  12.2   7.90   227   -181    3.41    4.12    0.97  14.0                 UGC07242      0          14 10 10
   38881    39225   2.97  163.2028   77.7004   78.9446    0.8764   9.9  13.29  10.9   7.90   188    -35    0.57    2.92    0.05  14.0                  NGC4163      0          14 +7  7
   40045    40045   9.29  270.4613   76.7855   99.0003   -3.3684   8.0  15.56  13.4   7.89  1213    516   -1.45    9.16   -0.55  14.0                  VCC0530      0                  
   48557    48557   8.90   85.8965   73.5804   79.2689   18.9889  10.0  15.70  13.3   7.89   744     77    1.57    8.27    2.90  14.1                   DDO182    -99                  
   39999    39999   9.70  159.6592   79.8723   80.6277    2.4115  10.0  15.90  13.5   7.89   742     15    1.58    9.56    0.41  14.0                  UGC7427    -99                  
   19382    19382   9.36  249.5607  -19.4175  213.3353  -64.7634  10.0  15.82  13.4   7.89   555   -147   -3.33   -2.19   -8.47  15.0               ESO308-022      0                  
   38685    39422   4.85  163.7554   77.1954   78.5479    0.5414   7.9  15.12  12.0   7.88   356     -7    0.96    4.75    0.05  14.0              KUG1207+367      0                  
  166096    24930   9.27  190.4017   39.3357   56.3229  -32.9855  10.0  17.49  13.5   7.85  9999   9999    4.31    6.47   -5.05  15.0                     KK70      0                  
   48738    46957   3.40  313.5057   19.9094  159.7845   -1.4608  10.0  13.07  11.3   7.85   308     53   -3.19    1.17   -0.09  14.0               ESO325-011      0          14-15 15
   39873    39873   7.35  150.5115   77.0163   77.3415    3.2387   9.0  15.40  13.0   7.84   602     51    1.61    7.16    0.42  14.0              KUG1218+387    -99                  
   29257    28630   3.68  144.1262   43.0932   43.5137   -0.5834   9.8  15.33  11.5   7.84    17   -259    2.67    2.53   -0.04  14.0                 UGC05428      0          14-10 10
  166101    28630   3.79  144.1723   41.3574   41.8057   -0.8954  -3.0  15.32  11.6   7.83  9999   9999    2.82    2.53   -0.06  14.0                     KK77      0          14-10 10
   42380    42380   9.09  129.7657   72.1513   72.1180    8.3429   9.9  16.00  13.5   7.83   626    -56    2.76    8.56    1.32  14.0                 UGC07827      0                  
   62814    62814   6.57  101.3258   23.9947   25.0349   35.3843   4.8  14.59  12.8   7.83   354   -138    4.85    2.27    3.80  65.0                 UGC11411      0                  
   48937    48937   3.60  311.4072    8.5879  170.7747   -4.9137  10.0  14.20  11.5   7.82   433    163   -3.54    0.58   -0.31  14.0               ESO174-001    -99                  
   40665    40665   5.69  134.1458   68.0828   67.9431    7.0648  10.0  14.31  12.5   7.82   363    -63    2.12    5.23    0.70  14.0                  UGCA281      0          14 -7  7
   49615    49615   4.49  317.7324   25.6469  154.5212    3.0560  -4.9  14.62  12.0   7.82   348     11   -4.05    1.93    0.24  14.0               ESO384-016      0          14-15 15
   28913    28913   1.43  233.2000   43.7837   95.4630  -39.6197   9.9  11.40   9.5   7.82   123     16   -0.10    1.10   -0.91  14.0                     SexB      0          14 12 12
   35684    35684   4.22  151.9034   63.2744   64.1912   -0.7934   9.9  13.85  11.9   7.80   319      3    1.84    3.80   -0.06  14.0                 UGC06541      0          14  0  0
 2815822    46957   3.85  308.9306   19.7844  159.3046   -5.7392  -3.0  17.88  11.7   7.80   300     11   -3.58    1.35   -0.38  14.0                    KKs55      0          14-15 15
 2832120    42637   7.60  140.4573   84.3704   84.3477    5.9868  -2.0  17.53  13.2   7.79   749    179    0.74    7.52    0.79  14.0                  BTS-151      0                  
   42901    42901   9.10  134.2275   82.5873   82.5478    6.6723  10.0  16.00  13.6   7.79   631    -51    1.17    8.96    1.06  14.0                   DDO143    -99                  
   31961    31961   6.91  276.3391   19.1326  151.0623  -35.4755  10.0  15.28  13.0   7.79   366   -152   -4.92    2.72   -4.01  14.3               ESO376-016      0                  
   41314    41333   8.20  136.7420   73.6580   73.5588    6.2403   9.5  15.15  13.4   7.78   495   -120    2.31    7.82    0.89  14.0                    KK151      0                  
    1777     1777   6.84  118.6330  -19.2541  338.0042   15.3737  10.0  15.40  13.0   7.78   465    -48    6.11   -2.47    1.81  14.0                 UGC00288      0                  
   45546    45546   4.73  121.8859   38.1564   37.9482   16.0610   9.9  14.06  12.2   7.78   160   -195    3.58    2.80    1.31  14.0                 UGC08245      0                  
 3097708  3097708   9.75  297.1305   53.8487  123.8571   -6.5432  10.0  16.68  13.8   7.77   925    194   -5.40    8.04   -1.11  14.0                   KKSG30      0                  
  166082    13826   3.56  137.2509   16.1982   16.0928    1.8735  10.0  13.43  11.6   7.77   169    -98    3.42    0.99    0.12  14.0                     CamA      0          14-11 11
 5060431  5060431   8.39   52.8241   -6.4205  293.2312   76.1456   9.0  16.07  13.5   7.76   515   -114    0.79   -1.85    8.15  -1.0        ALFAZOAJ1952+1428      0                  
   21302    21396   3.20  149.0939   28.9585   30.3090   -7.0890  10.0  15.13  11.4   7.76   371    131    2.74    1.60   -0.39  14.0                    DDO44      0          14-10 10
   18731    18731   6.07  266.5055  -27.3173  214.1418  -47.3481  10.0  14.74  12.8   7.76   300   -155   -3.40   -2.31   -4.46  14.2               ESO121-020      0          14 20 20
  490287   490287   5.47  284.0652   10.4701  163.7173  -31.1088  10.0  14.58  12.6   7.75   288   -122   -4.50    1.31   -2.83  14.3               ESO215-009      0          15  0  0
   48318    48318   8.60   57.3389   78.6642   87.9556   17.4785   8.0  16.30  13.6   7.74   789    144    0.29    8.20    2.58  14.1                 UGC08647    -99                  
   48029    48082   5.42  314.6115   32.6121  147.3005    1.0908   9.9  14.48  12.6   7.74   367    -39   -4.56    2.93    0.10  14.0               ESO444-078      0          14-15 15
   41701    41701   9.77  153.8460   82.6625   82.9464    4.1966   7.8  15.60  13.9   7.73   851    118    1.20    9.67    0.71  14.0                    KK152      0                  
   48062    47404   8.14   98.4083   70.3094   73.9800   18.3141  10.0  15.90  13.5   7.73   579    -31    2.13    7.43    2.56  14.1            MCG+08-25-028    -99                  
   50911    51210   8.89  102.3080   56.5613   60.4177   23.9846  10.0  15.05  13.7   7.73   487   -180    4.01    7.06    3.61  14.1                    KKH87      0                  
   28757    28630   3.86  141.9768   41.0555   41.2628    0.6935   9.9  14.02  11.9   7.73   207    -82    2.90    2.55    0.05  14.0                 UGC05336      0                  
   46127    46039   4.41  111.4913   69.0907   70.5903   14.9310   9.9  13.71  12.2   7.72   368     37    1.42    4.02    1.14  14.0                 UGC08331      0          14 -5  5
   48515    46957   3.68  312.2149   16.7516  162.7602   -3.0833  -5.0  15.84  11.8   7.72   356     80   -3.51    1.09   -0.20  14.0                    KK211      0          14-15 15
   36014    36014   6.01  287.7075   21.4670  152.8652  -24.6752  10.0  14.95  12.9   7.71   363    -88   -4.86    2.49   -2.51  14.3               ESO320-014      0          15  0  0
   41048    41048   4.75  150.9996   80.1349   80.3927    3.9179   9.9  14.27  12.4   7.71   332    -24    0.79    4.67    0.32  14.0                 UGC07605      0          14 -7  7
  166192    65001   6.23   95.5738   12.2290   10.7880   42.1225  10.0  16.50  13.0   7.70   439    -27    4.54    0.86    4.18  65.0                    KK251    -99                  
    2578     2578   4.92  101.1867  -84.7619  274.2325   -3.2132   9.9  13.63  12.5   7.70   400     31    0.36   -4.90   -0.28  14.0                   IC1574      0          19 -8  7
     143      143   0.98   75.8635  -73.6245  277.8077    8.0860   9.9  10.01   9.0   7.69   -31   -106    0.13   -0.96    0.14  14.0                      WLM      0          14-12 12
   64054    64054   6.95    9.7287  -28.3688  225.6109   39.8078  10.0  15.17  13.3   7.68   463    -58   -3.74   -3.82    4.45  -1.0               ESO461-036      0          19  0  0
 5509262        0   3.61  310.5927   20.1002  159.2248   -4.1471  -2.0  16.50  11.9   7.67  9999   9999   -3.37    1.28   -0.26  14.0               NGC5128-S1      0                  
   41749        0   9.94  138.1020   76.9806   76.9089    5.9921   7.8  16.38  14.1   7.67   692    -53    2.24    9.63    1.04  14.0            MCG+07-26-024      0                  
   40682    40682   9.52  205.1556   84.4094   87.8888    1.1412   4.8  16.47  14.0   7.67   353   -361    0.35    9.51    0.19  14.0                   IC3341      0                  
   19041    19041   6.32  234.3185  -16.8088  237.6473  -77.5017  10.0  15.88  13.1   7.67   262   -212   -0.73   -1.16   -6.17  15.0               ESO489-056      0          53  0  0
   42120    42407   9.81  297.2275   52.2165  125.4215   -7.0478   9.9  16.19  14.1   7.66   570   -166   -5.64    7.93   -1.20  14.0                   KKSG29      0                  
  170257   170257   4.90  314.6402   40.8291  139.1390    2.0719   9.0  15.30  12.6   7.65   460     93   -3.70    3.20    0.18  14.0                PGC170257    -99                  
  166107    32256   9.61  234.4779   58.0612   94.1542  -25.3623  10.0  17.86  14.1   7.64  9999   9999   -0.63    8.66   -4.12  15.0              NGC3384-DF4      0                  
   42115    42115   8.44  173.4077   85.9973   86.7564    3.9563  -2.0  15.90  13.8   7.64   791    158    0.48    8.41    0.58  14.0             KUG-1234+299      0                  
   21772    21812   9.24  167.0443   29.2954   35.1669  -22.0408   9.4  16.34  14.0   7.64   525   -168    7.00    4.93   -3.47  15.0            MCG+09-13-052      0                  
   35286    35286   4.63  127.8364   37.3276   36.8717   11.3997  10.0  14.57  12.5   7.64   113   -234    3.63    2.72    0.92  14.0                 UGC06456      0          14 10 10
      35       35   9.05  112.3102  -22.3207  333.3464   20.3429   9.9  15.89  14.0   7.63   618    -60    7.58   -3.81    3.15  65.0                 UGC12894      0                  
 2807155     2557   0.83  109.4606   -9.9617  345.6485   26.0511  -3.0  12.81   8.8   7.63    -2    -65    0.72   -0.18    0.36  14.0            Andromeda-VII      0          14-12 12
   41020    39422   4.71  147.1263   78.7918   78.9242    4.3152   8.7  14.34  12.6   7.62   305    -48    0.90    4.61    0.35  14.0                 UGC07599      0          14 -7  7
   12514    12719   7.08  166.3222  -32.7469  326.1923  -27.6595  10.0  15.09  13.5   7.61   439    -92    5.21   -3.49   -3.29  14.4                 UGC02684      0          17  0  0
   42832    42832   9.66  125.4318   63.1311   63.2256   11.0180   9.9  20.10  14.2   7.60   559   -165    4.27    8.47    1.85  14.0                 UGC07903      0                  
 4003791    47404   8.40  101.7243   66.2967   69.7243   19.4902   9.0  16.30  13.9   7.60   558    -71    2.74    7.43    2.80  14.1             LVJ1342+4840    -99                  
   43869    43869   4.04   35.1643   89.4096   90.1257    6.8970   9.9  14.01  12.3   7.60   367     64   -0.01    4.01    0.49  14.0                 NGC4789A      0          14  3  3
   71431    71431   2.21   11.8671  -70.8601  258.8757    9.2824   9.8  13.83  11.0   7.60    83    -83   -0.42   -2.14    0.36  14.0               ESO407-018      0          14 13 13
 5065678     2557   0.83  120.4852  -11.2386  346.5146   15.1706  -3.0  13.70   8.9   7.59   -89   -152    0.78   -0.19    0.22  14.0             Andromeda-32      0                  
   52591    52591   3.91  323.0212   13.7543  166.8522    6.9637   8.0  13.68  12.3   7.58   424    130   -3.78    0.88    0.47  14.0               ESO272-025     -1   19.0   14-16 15
   39145    39225   2.97  161.1011   78.0613   79.0803    1.4299  10.0  16.00  11.7   7.58   303     80    0.56    2.92    0.07  14.0                   DDO113      0          14 +7  7
    8484     8484   4.31  142.1005  -27.0071  333.4714   -7.0663  10.0  17.00  12.5   7.58   235    -88    3.83   -1.91   -0.53  14.0                 UGC01703      0                  
 4689195    28630   3.75  141.8970   42.2102   42.3990    0.9083  -3.0  16.75  12.2   7.58    15   -267    2.77    2.53    0.06  14.0                      IKN      0          14-10 10
   42134    42134   6.15  136.2626   78.0179   77.9436    6.4116   9.7  15.26  13.3   7.57   500     38    1.28    5.98    0.69  14.0                  UGCA290      0          14 -4  4
   13294    13294   7.27  252.9614  -52.7451  250.3176  -39.0704   9.0  15.77  13.7   7.56   572     26   -1.90   -5.31   -4.58  14.2       6dFJ0335568-451129      0                  
   49158    49158   3.31   77.7935   73.4464   81.1412   20.4694   9.8  13.39  12.0   7.55   267     19    0.48    3.06    1.16  14.0                 UGC08760      0          14  8  7
   29653    29653   1.44  246.1482   39.8755  109.0063  -40.6622   9.9  12.02  10.2   7.55   103     -5   -0.36    1.03   -0.94  14.0                     SexA      0          14 12 12
   48332    48332   3.11   89.7338   73.1168   78.0852   18.5795   9.9  14.02  11.9   7.54   298     65    0.61    2.88    0.99  14.0                 UGC08651      0          14  8  7
   41667    41667   8.11  293.1512   61.9906  115.4802   -5.4104  10.0  16.40  14.0   7.53   601     -6   -3.47    7.29   -0.76  14.0                   KDG155    -99                  
   41902    41902   7.90  135.3904   75.6722   75.5829    6.6125   9.0  16.50  14.0   7.51   657     65    1.95    7.60    0.91  14.0                  UGC7751    -99                  
   95594    95594   7.21  140.4227   22.3461   22.5395   -0.4069  10.0  15.74  13.8   7.51   308   -232    6.66    2.76   -0.05  14.0                    KKH34      0          14-10 10
   30664    28630   3.63  141.1375   43.9968   44.0992    1.6895  10.0  15.71  12.3   7.51   207    -65    2.61    2.52    0.11  14.0                    DDO78      0          14-10 10
   47495    47495   2.62  111.1420   61.3082   63.0900   17.9058   9.9  13.54  11.6   7.51   195     -1    1.13    2.23    0.81  14.0                 UGC08508      0          14 +9  9
   51659    51659   3.62  319.8241   13.3734  166.9495    3.8340  10.0  15.13  12.3   7.51   170   -102   -3.52    0.82    0.24  14.0           HIPASSJ1428-46      0          14-16 15
  166172    46957   3.76  312.8035   18.1003  161.4948   -2.3507  -3.0  18.08  12.4   7.50  9999   9999   -3.56    1.19   -0.15  14.0                    KK213      0          14-15 15
   45897    46153   7.74  107.5607   74.6925   76.3634   13.6869  10.0  16.40  14.0   7.49   603     23    1.77    7.31    1.83  14.0                    KKH82    -99                  
  166158    46957   4.23  307.1789   20.8639  157.9675   -7.1877  -3.5  17.27  12.7   7.48   499    182   -3.89    1.57   -0.53  14.0                    KK189      0          14-15 15
   39228    39228   4.62  135.3351   63.8738   63.7059    6.5676  10.0  15.04  12.9   7.48   258    -88    2.03    4.11    0.53  14.0              CGCG269-049      0                  
 4320422    39600   8.26  139.0473   69.1572   69.0726    5.3090   8.0  16.82  14.2   7.47   493   -126    2.94    7.68    0.76  14.0             LVJ1218+4655      0                  
  166152   166152   5.93  305.7517   22.7150  155.8958   -8.1713  10.0  15.25  13.5   7.46   362    -83   -5.36    2.40   -0.84  14.0                    KK182      0          14 15 15
 2576103        0   5.59  110.2358   57.6086   59.5937   19.6205  10.0  16.60  13.4   7.45   379    -40    2.67    4.54    1.88  14.0            MSB17J1343+58      0                  
 2815820    46957   2.92  307.1402   23.8039  155.0427   -6.7232  -3.0  16.91  12.0   7.44  9999   9999   -2.63    1.22   -0.34  14.0                    KKS53      0                  
   44681    44681   7.28  305.6931   43.4148  135.4907   -4.0409  10.0  16.47  14.0   7.44   625     79   -5.18    5.09   -0.51  14.0                    KK176      0                  
   49452    49452   3.26   69.7156   73.9588   83.5348   21.0891   9.9  15.17  12.3   7.42   293     48    0.34    3.02    1.17  14.0                 UGC08833      0          14  8  7
   86806    86806   7.71  151.9832  -28.5672  332.0515  -15.8351   4.8  16.27  14.2   7.41   627     49    6.55   -3.48   -2.10  14.4             KUG-0243+275      0                  
   40750        0   6.12  131.2426   63.6248   63.4821    8.3809  10.0  16.13  13.7   7.41   406    -53    2.70    5.42    0.89  14.0            MCG+09-20-182      0                  
   35878    35878   3.20  157.5687   66.4449   67.9571   -2.0766   9.9  14.18  12.3   7.40   281     41    1.20    2.97   -0.12  14.0                  NGC3741      0          14 +7  7
   37050    37050   2.65  166.1977   72.7446   74.9270   -2.1223   9.9  12.59  11.9   7.40   264     66    0.69    2.56   -0.10  14.0                 UGC06817      0          14 +7  7
   86643        0   4.82  330.0473   84.2671  395.6417    7.5458  -5.0  16.62  13.2   7.40   241   -121    3.88    2.78    0.63  14.0                    KK177      0                  
 5065677     2557   0.84  101.1013  -16.7342  335.7046   32.0988  -3.0  14.00   9.4   7.40   107     44    0.65   -0.29    0.45  14.0             Andromeda-31      0                  
  626659    71866   7.58  356.0820  -71.0042  255.2133    5.6381  10.0  16.16  14.2   7.39   607     39   -1.93   -7.29    0.74  19.0             LVJ2335-3713      0                  
 5056944    28630   3.46  140.1808   38.7680   38.8197    1.7723  10.0  17.33  12.5   7.39   131   -129    2.69    2.17    0.11  14.0                 d0944+71      0                  
  166176    48082   4.94  316.9446   31.3857  148.7344    2.9251  -3.7  17.34  13.3   7.38  9999   9999   -4.22    2.56    0.25  14.0                    KK218      0                  
   42936    42936   5.44  301.4054   26.8853  150.9421  -11.1889   9.7  15.06  13.5   7.38   367    -41   -4.66    2.59   -1.06  14.0               ESO381-018      0          14-15 15
   29488  5064336   0.26  225.9855   49.1121   88.8997  -34.5547  -4.8  11.00   6.9   7.38   140    120    0.00    0.21   -0.15  14.0                     LeoI      0          14-12 12
  166127    39600   7.54  137.8536   68.4501   68.3385    5.6991  10.0  19.34  14.3   7.35  9999   9999    2.77    6.97    0.75  14.0              NGC4258-DF6      0                  
 5067080        0   7.97   87.9828  -38.3990  306.7629   31.5296  10.0  17.54  14.4   7.35   608     10    4.07   -5.44    4.17  65.0                AGC322463      0                  
    1920      930   6.54   75.6569  -83.6998  272.9812   -0.7661  10.0  16.40  14.0   7.34   571     81    0.34   -6.53   -0.09  19.0               ESO473-024    -99                  
   37369    37369   5.45  289.5849   27.8388  146.9236  -20.9955  10.0  16.15  13.6   7.34   367    -41   -4.26    2.78   -1.95  14.0               ESO379-007      0          15  0  0
  683190   683190   5.60  284.5350   27.0984  145.9287  -25.4435   9.0  16.76  13.7   7.33   426      6   -4.19    2.83   -2.41  14.3           HIPASSJ1133-32      0                  
   86669    86669   9.31  207.3589   41.7641   70.9494  -38.5561  10.0  16.87  14.8   7.33   401   -297    2.38    6.88   -5.80  15.0                  D565-06      0          15  0  1
  166064   166064   5.63  139.7475  -32.8228  327.4995   -5.4120  10.0  15.15  13.7   7.33   399    -23    4.73   -3.01   -0.53  14.0                     KK16      0          17  6  6
   71538    71538   0.97   94.7762  -43.5542  305.8330   24.3091   9.8  12.46   9.9   7.33    52    -21    0.52   -0.72    0.40  14.0             Pegasus-dIrr      0          14 12 12
 4689187    46957   3.66  312.7492   14.2229  165.3377   -2.8987  -3.0  16.89  12.8   7.32  9999   9999   -3.54    0.93   -0.19  14.0              CENTAURUS_N      0          14-15 15
 2543081  2543081   8.75  137.2321   58.9793   58.8208    5.4842  10.0  17.24  14.7   7.32   530   -126    4.51    7.45    0.84  14.0             LVJ1157+5638      0                  
 2807102  2807102   5.30  125.4901  -11.3512  347.2076   10.3081  10.0  15.87  13.6   7.32   330    -67    5.08   -1.16    0.95  14.0                     KKH5      0          14-11 11
   24050    24050   3.65  149.2971   34.9492   36.2496   -6.0448   9.9  14.30  12.8   7.32   165   -108    2.93    2.15   -0.38  14.0                 UGC04459      0          14-10 10
   46885    48082   4.76  311.2571   31.3633  148.1567   -1.8959   9.0  15.88  13.4   7.31   272    -85   -4.04    2.51   -0.16  14.0                    KK200      0          14-15 15
 4087020  4087020   8.47  197.2523   37.2915   59.5089  -38.1179   9.0  17.04  14.7   7.29   338   -297    3.38    5.74   -5.23  15.0                AGC183595      0                  
   83339    32256   9.64  232.6149   57.6644   93.1151  -25.8738  10.0  16.95  15.0   7.28   699    -24   -0.47    8.66   -4.21  15.0              NGC3384-DF8      0                  
 2815823    46957   3.83  312.6936   19.3364  160.2546   -2.2932  -3.0  17.71  13.0   7.28   272    -15   -3.60    1.29   -0.15  14.0                    KKs57      0          14-15 15
 2806961  2806961   9.59  214.7249   36.9400   75.6348  -45.1522  10.0  17.81  15.0   7.28   203   -516    1.68    6.55   -6.80  15.0                  D634-03      0          15  0  1
   11211    11211   6.02  263.9950  -57.0662  247.5810  -31.7400   8.0  15.58  14.0   7.27   467     15   -1.95   -4.73   -3.17  14.2               ESO199-007      0                  
  166095    24930   9.15  189.9862   38.8561   55.6447  -33.0890  10.0  16.43  14.9   7.27   434   -252    4.33    6.33   -5.00  15.0                     KK69      0                  
   39032    39032   3.32  294.8535   24.0502  152.2644  -17.6209  10.0  14.17  12.7   7.27   336     87   -2.80    1.47   -1.01  14.0               ESO321-014      0          14-15 15
   39316    39228   4.19  135.2084   64.0599   63.8923    6.6261   9.8  15.37  13.3   7.24   273    -42    1.83    3.74    0.48  14.0                 UGC07298      0          14 -7  7
 3097828    28630   3.78  143.1022   40.2886   40.6247   -0.2602  -3.0  17.06  13.1   7.23  9999   9999    2.87    2.46   -0.02  14.0                      FM1      0          14-10 10
   31286    28630   3.32  142.0506   45.7059   45.8784    1.2694  -3.0  16.85  12.8   7.23  9999   9999    2.31    2.38    0.07  14.0                     BK6N      0          14-10 10
  166137    40692   5.99  198.1613   84.1012   87.1247    1.1655  10.0  16.08  14.1   7.23   464     15    0.30    5.98    0.12  14.0                    KK144      0                  
 2807110  2807110   4.79  152.0339  -21.6324  339.2614  -15.9304  10.0  15.84  13.6   7.23   378     19    4.31   -1.63   -1.31  14.0                    KKH18      0          17  0  0
   38252    38252   5.46  292.4328   26.1791  149.4576  -19.1176   4.2  15.87  13.9   7.23   357    -53   -4.44    2.62   -1.79  14.0               ESO379-024      0                  
    2544     2544   7.17  121.0985  -22.2641  335.4861   12.4752  10.0  16.01  14.5   7.22   504    -34    6.37   -2.91    1.55  14.0              ANDROMEDA-4      0                  
  166175    46957   3.49  312.8582   16.1272  163.4600   -2.5523  -3.4  17.05  13.0   7.20  9999   9999   -3.34    0.99   -0.16  14.0                    KK217      0          14-15 15
  592761   592761   5.08  312.4346   22.1331  157.4484   -2.1626  10.0  15.86  13.8   7.20   256   -125   -4.69    1.95   -0.19  14.0           HIPASSJ1337-39      0                  
  166146    43495   4.38  125.9855   81.5024   81.5900    7.9242  -3.0  17.56  13.5   7.19  9999   9999    0.63    4.29    0.60  14.0                    KK166      0          14 -7  7
   43129    43129   3.00  128.4087   80.6046   80.6353    7.6938   9.8  14.88  12.7   7.19   366    141    0.48    2.93    0.40  14.0                 UGC07949      0          14 -7  7
 1599237        0   8.31  209.2674   39.8327   71.5935  -40.9165  10.0  17.34  14.9   7.19   337   -286    1.98    5.96   -5.44  15.0                AGC739005      0                  
   45506    46039   4.58  114.5851   70.0301   71.0985   13.5870   9.9  15.67  13.6   7.19   319    -25    1.44    4.21    1.08  14.0                 UGC08215      0          14 -7  7
   29735    28630   3.73  146.2249   45.1865   45.8364   -1.7043   9.1  15.57  13.2   7.18   284      4    2.60    2.67   -0.11  14.0                 UGC05497      0                  
   29231    28630   3.69  142.3096   42.0482   42.2803    0.5831  -3.0  17.21  13.2   7.17  9999   9999    2.73    2.48    0.04  14.0                     BK5N      0          14-10 10
   45939    46039   4.24  111.6254   70.3234   71.7506   14.4194   9.9  14.92  13.5   7.17   245    -73    1.29    3.90    1.06  14.0                 UGC08308      0          14 -7  7
   69468    69468   2.23   17.7293  -61.2770  255.4786   18.5792  -4.9  15.83  12.1   7.17   134    -34   -0.53   -2.05    0.71  14.0               ESO468-020      0                  
   86635    41066   6.32  254.0412   82.8233   93.2147   -0.0996  10.0  16.91  14.4   7.15   559     85   -0.35    6.31   -0.01  14.0                    KKH80      0                  
 3097727  3097727   4.30   52.7445  -83.3441  270.6220    0.3069  -3.7  17.66  13.6   7.14  9999   9999    0.05   -4.30    0.02  14.0                    ScdE1      0          14-13 13
     621      621   3.21  351.4759  -78.1170  260.1830    0.4032  10.0  15.58  13.0   7.13   211    -30   -0.55   -3.16    0.02  14.0               ESO349-031      0          14-13 13
   28826    28630   3.83  144.2931   42.4159   42.8650   -0.8135  10.0  15.63  13.4   7.12   237    -50    2.81    2.61   -0.05  14.0                 d0958+66      0                  
   36758    36758   4.61  136.0610   54.1198   53.9109    5.8832   9.0  19.38  13.8   7.12   215   -130    2.70    3.71    0.47  14.0                 UGC06757      0                  
   86644    44182   5.99  303.7498   84.6069   95.2613    5.0253   9.0  16.19  14.4   7.11   547     98   -0.55    5.94    0.52  14.0                   IC3840      0                  
   46663    46957   3.96  308.5425   17.4785  161.5400   -6.4550  10.0  15.43  13.5   7.11   487    190   -3.73    1.25   -0.45  14.0                    KK196      0          14-15 15
   52125    52125   3.15  319.7055   10.0458  170.2555    3.3872  10.0  14.58  13.0   7.11   400    164   -3.10    0.53    0.19  14.0               ESO222-010      0          14-16 15
   43978    43978   5.96  303.8546   34.5248  143.8829   -7.4110   9.5  16.77  14.4   7.10   412    -35   -4.77    3.48   -0.77  14.0               ESO443-009      0          14-15 15
   24213    23324   3.58  144.9662   34.3808   35.0215   -2.6521   9.8  14.44  13.3   7.10   319     51    2.93    2.05   -0.17  14.0                 UGC04483      0          14-10 10
  166062     6595   7.03  137.2457  -34.0982  326.0543   -3.4357  10.0  16.37  14.8   7.09   622     94    5.82   -3.92   -0.42  14.0                     KK14      0                  
 5072711  5072711   8.82  133.8285  -51.1619  308.8014   -2.7078  10.0  17.80  15.3   7.08   781    119    5.52   -6.87   -0.42  14.0                  PiscesB      0                  
  166135   166135   7.99  163.7307   80.9081   81.8541    2.2329  10.0  17.21  15.1   7.08   582    -17    1.13    7.90    0.31  14.0                    KK141      0                  
 1726175  1726175   5.30   22.9604   80.5699   94.0175   14.8854   9.0  17.20  14.2   7.08   368    -29   -0.36    5.11    1.36  14.0                AGC238890      0                  
    2902     2789   3.43  119.4096  -83.8738  275.8439   -4.4015   9.8  14.10  13.3   7.06   331     74    0.35   -3.40   -0.26  14.0               ESO540-031      0          14-13 13
  385975    18731   5.94  266.5536  -27.2917  214.0830  -47.3182  10.0  16.83  14.5   7.06   278   -168   -3.34   -2.26   -4.37  14.2           HIPASSJ0615-57      0                  
   86668    86668   8.84  207.6403   37.5996   68.7709  -42.3831  10.0  16.99  15.4   7.04   380   -283    2.36    6.09   -5.96  15.0                  D564-08      0          15  0  1
  166073    12286   4.23  282.9127  -44.5471  228.0092  -28.5546  -3.0  16.14  13.8   7.04   314     -3   -2.49   -2.76   -2.02  14.2                     KK27      0          14-14 14
  166084   166084   3.49  143.3844   14.4237   15.0373   -4.2116  10.0  15.20  13.4   7.04   279     18    3.36    0.90   -0.26  14.0                     CamB      0          14-11 11
 5060076  5060076   9.60  212.5838   16.6220   57.6644  -62.7931  10.0  18.00  15.6   7.04   206   -514    2.35    3.71   -8.54  15.0                AGC174605      0                  
   50961    50961   2.30   25.5739   70.4649   97.8328   24.3517   9.9  14.09  12.5   7.04   183     11   -0.29    2.08    0.95  14.0                 UGC09128      0          14 12 12
  166065     7671   5.02  140.6343  -31.6670  328.7093   -6.0825  10.0  16.41  14.2   7.03   354    -22    4.27   -2.59   -0.53  14.0                     KK17      0          17  6  6
 3097691     2557   0.79  101.4487  -72.8576  283.8409    3.8233  10.0  14.17  10.2   7.03    17    -43    0.19   -0.77    0.05  14.0                    Cetus      0          14-12 12
  166163    48082   5.62  310.3087   30.9169  148.4736   -2.7664   9.8  17.04  14.5   7.01   346    -75   -4.78    2.94   -0.27  14.0                    KK195      0                  
 5056941    28630   3.84  138.4152   42.3423   42.2364    3.4826   9.5  16.05  13.7   7.00    51   -237    2.84    2.58    0.23  14.0                 d1028+70      0                  
  166063     6595   8.65  137.9139  -34.4574  325.7451   -4.0176  10.0  16.89  15.5   6.99   563    -86    7.13   -4.86   -0.61  14.0                AGC111946      0                  
 3097113    46957   5.74  313.4292   14.6742  164.9720   -2.1888  10.0  16.47  14.6   6.99   287   -144   -5.54    1.49   -0.22  14.0           HIPASSJ1351-47      0          14-15 15
 3994669    39573   3.47  302.7166  -14.7124  193.5483  -15.7325  10.0  12.94  13.5   6.99   143   -117   -3.25   -0.78   -0.94  14.0           HIPASSJ1247-77      0          14  0  0
   26142    26142   1.37  164.6636   42.8855   47.6118  -15.0125   9.9  13.30  11.5   6.99    49    -53    0.89    0.98   -0.35  14.0                  UGC4879      0   15.0           
   23344    23344   2.70  297.9533  -25.2227  204.5897  -20.2321   9.0  14.18  13.0   6.97    58   -144   -2.30   -1.05   -0.93  14.0               ESO006-001      0                  
 2807133    28630   3.68  148.4086   44.5481   45.5191   -3.3481  -3.0  17.77  13.7   6.96  9999   9999    2.57    2.62   -0.21  14.0                    KKH57      0          14-10 10
   45104    46957   3.15  305.0994   16.2340  162.2497   -9.9065  10.0  15.15  13.4   6.95   478    242   -2.96    0.95   -0.54  14.0               ESO269-037      0          14-15 15
   23521    23324   3.42  143.8177   33.0128   33.5176   -1.9266  10.0  16.20  13.6   6.94   286     30    2.85    1.89   -0.11  14.0                   M81DwA      0          14-10 10
 4343356        0   6.47  298.2842   84.7735   94.9544    4.5896  10.0  17.46  15.0   6.93   504     19   -0.56    6.43    0.52  14.0                AGC742601      0                  
 5060050  5060050   7.72  208.9510   14.4227   48.7318  -62.3584  10.0  17.90  15.4   6.93   227   -352    2.36    2.69   -6.84  15.0                AGC174585      0                  
  704814        0   3.66    9.1109  -77.7168  262.4171    3.3522  10.0  16.45  13.8   6.92   283      9   -0.48   -3.62    0.21  14.0          2DFGRS-S431Z149      0                  
 5509263        0   3.97  309.2226   20.6997  158.4383   -5.3279  -2.0  18.42  14.0   6.91  9999   9999   -3.68    1.45   -0.37  14.0                 CENA-DW4      0                  
 5067392        0   6.58  100.4821   59.9773   64.1917   23.1922  -2.0  19.20  15.1   6.91  9999   9999    2.63    5.44    2.59  14.1                 M101-DwA      0                  
 2807103  2807103   3.38  129.6839  -10.2098  348.9388    6.3912  10.0  15.48  13.7   6.89   318     64    3.30   -0.64    0.38  14.0                     KKH6      0          14-11 11
   95597    95597   3.40  133.9834   26.5373   26.1378    5.8376  10.0  15.70  13.7   6.89   228    -27    3.04    1.49    0.35  14.0                    KKH37      0          14-11 11
   44055    44182   4.83  310.1558   82.0215   97.9487    5.2609   9.7  16.41  14.5   6.88   375     13   -0.66    4.76    0.44  14.0                   KDG215      0                  
    1038     1038   1.93  357.8449  -80.7097  262.9460   -0.2569   0.4  14.77  12.5   6.88   161     16   -0.24   -1.92   -0.01  14.0               ESO410-005      0          14 13 13
 5072715  5072715   2.86  195.6610   -9.3213  352.4686  -58.4543  10.0  17.80  13.4   6.86   557    342    1.48   -0.20   -2.44  -1.0                Galfa-dw4      0                  
 4614882  4614882   5.66  315.1781   23.5416  156.3678    0.5224  10.0  16.38  14.9   6.86   357    -67   -5.19    2.27    0.05  14.0           HIPASSJ1348-37      0          14-15 15
    2881     2881   3.60  119.7842  -80.9343  278.6551   -3.5196   9.1  16.06  13.9   6.86   277      7    0.54   -3.55   -0.22  14.0               ESO540-030      0          14-13 13
   28759    28630   3.93  141.7291   40.9186   41.1021    0.8604  10.0  16.35  14.1   6.86   258    -37    2.96    2.58    0.06  14.0                 d0952+69      0          14-10 10
   28868    28868   0.74  196.9037   52.4223   69.9137  -25.7979   9.9  12.59  10.5   6.85   -22    -79    0.23    0.63   -0.32  14.0                    Leo-A      0          14 12 12
  166159    46153   8.30  107.4155   74.4085   76.1223   13.8522  10.0  18.03  15.8   6.83   444   -179    1.93    7.82    1.99  14.0                    KK191      0                  
    2933     2933   3.63  121.0094  -82.7744  276.9507   -4.2434  10.0  16.33  14.0   6.83   272      0    0.44   -3.59   -0.27  14.0               ESO540-032      0          14-13 13
   44491    44491   2.19  310.7346   76.9794  102.9757    4.6676   9.8  14.08  12.9   6.83   148    -16   -0.49    2.13    0.18  14.0                 UGC08091      0          14 12 12
 5067061  5067061   0.82  147.8169  -15.5202  345.4058  -11.7187  -2.0  15.50  10.8   6.82  -139   -201    0.78   -0.20   -0.17  14.0             Andromeda-33      0                  
   42275    42275   3.90  148.2828   83.7204   83.8098    5.0968   9.9  15.70  14.2   6.81   322     29    0.42    3.86    0.35  14.0                  UGCA292      0          14 -7  7
 5057055  5057055   6.07  136.3023  -34.2557  325.8215   -2.6742  10.0  17.80  15.2   6.80   475     20    5.02   -3.41   -0.28  14.0                AGC112521      0                  
   65367    65367   0.98   34.0494  -31.3427  252.0792   50.2448   9.9  13.50  11.3   6.77    -2    -76   -0.19   -0.60    0.75  14.0                   DDO210      0          14-12 12
 5056993    43495   4.82  128.5939   75.5888   75.6072    8.3002  10.0  16.62  14.8   6.76   460     98    1.19    4.62    0.70  14.0             LVJ1243+4127      0                  
 4074723        0   7.63  128.2631   69.6471   69.6483    9.0863  10.0  18.23  15.8   6.76   314   -259    2.62    7.06    1.20  14.0  SDSSJ124029.91+472203.9      0                  
   34176  5064336   0.25  220.1646   67.2290   87.1012  -16.2696  -4.8  12.53   8.4   6.75     7    -12    0.01    0.24   -0.07  14.0                    LeoII      0          14-12 12
  677373    48082   4.55  313.7563   28.5497  151.2419   -0.1385  10.0  17.01  14.8   6.71   370     29   -3.99    2.19   -0.01  14.0             DEEPJ1337-33      0                  
  166179    46957   3.81  312.9880   14.7526  164.8408   -2.6025  -3.0  17.39  14.4   6.71   264    -22   -3.67    1.00   -0.17  14.0                    KK221      0          14-15 15
 2801026  2801026   1.91   83.8788   44.4092   56.0935   40.3700  10.0  16.69  12.9   6.71   139     -5    0.81    1.21    1.24  14.0                    KKR25      0          14 12 12
 4689210    32256   9.83  233.0090   57.5210   93.3654  -25.9942  10.0  18.12  16.5   6.70   505   -233   -0.52    8.82   -4.31  15.0              NGC3384-DF6      0                  
 4689216    28630   3.93  138.1368   41.2961   41.1734    3.5922  10.0  15.59  14.5   6.70   131   -164    2.96    2.59    0.25  14.0                    HS117      0          14-10 10
 5057226     2557   0.83  130.9919  -23.5585  335.8494    3.2799  -3.0  15.60  11.2   6.67     0    -62    0.76   -0.34    0.05  14.0          Andromeda-XXIII      0                  
 2807114    13826   3.06  135.4982   13.5691   13.3015    3.2897  10.0  18.00  14.1   6.64   262     33    2.97    0.70    0.18  14.0                    KKH22      0                  
   69519    69519   0.92  322.9064  -47.3689  227.6077   -0.9193  -4.9  15.56  11.5   6.64    56    -13   -0.62   -0.68   -0.01  14.0                   Tucana      0          14-12 12
   32667    28630   3.98  136.8847   44.2331   44.0320    4.7508  10.0  17.73  14.7   6.63   279    -19    2.85    2.76    0.33  14.0                    KDG73      0          14-10 10
 2807157  2807157   2.59  109.0931  -22.3774  332.3513   23.1717  10.0  16.17  13.8   6.62   151    -43    2.11   -1.11    1.02  14.0                    KKH98      0          14 12 12
 5056931    28630   3.03  142.1433   38.7066   38.9532    0.2461  -3.0  18.24  14.2   6.59  9999   9999    2.36    1.90    0.01  14.0                 d0934+70      0                  
  166142    43495   4.33  127.6722   73.3978   73.4404    8.8200  10.0  17.21  15.0   6.58   362     37    1.22    4.10    0.66  14.0                    KK160      0                  
   63287    63287   1.08   21.0551  -16.2851  221.2696   55.5185  10.0  13.13  12.1   6.54    10    -71   -0.46   -0.40    0.89  14.0                   SagDIG      0          14-12 12
  166130        0   5.46  131.0196   58.5812   58.3910    8.6994  10.0  18.10  15.7   6.51   342    -68    2.83    4.60    0.83  14.0                    KK135      0                  
 2807150  2807150   2.61  339.0452   62.6038  116.3383   15.4652  10.0  16.96  14.1   6.51   217     21   -1.12    2.25    0.70  14.0                    KKH86      0          14 12 12
   29194    29128   1.37  263.0973   22.3113  139.5847  -44.8032  10.0  15.37  12.7   6.51    71    -32   -0.74    0.63   -0.97  14.0                   Antlia      0          14 12 12
  166167    46957   3.78  309.5403   17.0566  162.1020   -5.5755  -3.0  17.56  14.9   6.51    54   -229   -3.58    1.16   -0.37  14.0                    KK203      0                  
 5072710  5072710   5.36  108.5234  -51.0300  304.3463   12.4742  10.0  18.50  15.7   6.49   436     34    2.95   -4.32    1.16  14.0                  PiscesA      0                  
 5056934    28630   3.45  140.6775   40.0957   40.1842    1.5491  -3.0  19.85  14.8   6.47  9999   9999    2.63    2.23    0.09  14.0                 d0955+70      0                  
 5808780        0   6.88  251.5107   83.8623   92.5064    0.7148  10.0  18.70  16.3   6.47   585     69   -0.30    6.87    0.09  14.0                AGC229379      0                  
 4689184        0   6.46  100.5403   30.3563   32.8146   34.7324  10.0  18.75  16.2   6.45   695    210    4.46    2.88    3.68  65.0                    KK242      0                  
 5056918  5056918   1.31  113.8879  -16.9171  339.3224   20.2960  -3.0  17.30  12.8   6.43   -41   -141    1.15   -0.43    0.45  14.0             Andromeda-18      0                  
 6726347        0   5.96  140.2637   60.2939   60.2536    4.0570  10.0  18.50  16.1   6.42   424    -23    2.95    5.16    0.42  14.0    LBTJ115205.6+544732.2      0                  
 5056936    28630   4.27  142.2544   41.4310   41.6634    0.5382  10.0  17.69  15.4   6.41   -29   -351    3.19    2.84    0.04  14.0                 d0959+68      0                  
 5059815  5059815   6.23  107.2803  -45.9930  308.5922   15.4871  10.0  18.90  16.3   6.38   479     12    3.74   -4.69    1.66  14.0                AGC748778      0                  
 5056942    28630   3.69  137.4241   43.1293   42.9583    4.2766  10.0  20.24  15.2   6.37  9999   9999    2.69    2.51    0.28  14.0                 d1041+70      0                  
 5057228     2557   0.80  119.1506  -15.8634  341.5523   15.5948  -3.0  16.40  11.9   6.36   173    113    0.73   -0.24    0.22  14.0            Andromeda-XXV      0                  
 5057032    46039   4.32  111.5969   69.0553   70.5416   14.9094  10.0  18.00  15.6   6.34   343     19    1.39    3.94    1.11  14.0                 DDO169NW      0                  
 5056937    28630   3.62  143.2891   42.8417   43.1700   -0.0173  -3.0  20.69  15.3   6.31  9999   9999    2.64    2.48    0.00  14.0                 d1006+67      0                  
    9140     9140   1.99  294.2371  -42.0038  222.8083  -21.3355  -4.9  15.78  14.0   6.31    99    -51   -1.36   -1.26   -0.72  14.0                    KKS03      0                  
 5057231     2557   0.82  111.9169  -19.1861  336.4705   21.5466  -3.0  16.60  12.1   6.30   -70   -133    0.70   -0.30    0.30  14.0            Andromeda-XXI      0                  
    1641     1014   2.03  320.4155  -74.4172  254.3721   -5.2700  -4.8  15.54  14.1   6.29    55    -97   -0.54   -1.95   -0.19  14.0               ESO294-010      0          14 13 13
 5509265        0   3.57  309.9032   21.3105  157.9290   -4.6072  -2.0  20.00  15.5   6.22  9999   9999   -3.30    1.34   -0.29  14.0                 CENA-DW6      0                  
 5056922     2557   0.88  122.9697  -33.1748  325.0418    8.4334  -3.0  16.80  12.5   6.20  -241   -308    0.71   -0.50    0.13  14.0            Andromeda-XIV      0          14-12 12
 5098252    29128   1.43  259.4147   21.0784  138.0798  -48.2899  10.0  16.30  13.6   6.18    87    -20   -0.71    0.64   -1.07  14.0                 Antlia-B      0                  
 4689222     2557   0.74  123.2117  -19.6751  338.4811   11.0613  -3.0  16.60  12.2   6.17    50     -6    0.68   -0.27    0.14  14.0             Andromeda-IX      0          14-12 12
 5509266        0   3.65  309.6291   18.8594  160.3232   -5.2271  -2.0  20.20  15.7   6.16  9999   9999   -3.42    1.22   -0.33  14.0                 CENA-DW7      0                  
  166185   166185   2.20   63.7123   71.9922   84.5551   23.5496  10.0  17.02  14.6   6.16   140    -25    0.19    2.01    0.88  14.0                    KK230      0          14 12 12
 6740710        0   3.62  134.6869  -85.9590  274.0597   -6.1153  10.0  18.10  15.7   6.15   275      4    0.25   -3.59   -0.39  14.0                WOC2017-7      0                  
 5056938    28630   3.84  140.9874   42.4656   42.5656    1.6080  10.0  20.78  15.9   6.12  9999   9999    2.83    2.60    0.11  14.0                 d1014+68      0                  
   28529    28630   4.17  142.3141   40.8272   41.0717    0.4098  10.0  18.27  16.1   6.11   117   -196    3.14    2.74    0.03  14.0                     BK3N      0          14-10 10
 5056943    28630   3.40  142.2165   38.0076   38.2689    0.0928  10.0  18.10  15.7   6.09  9999   9999    2.67    2.11    0.01  14.0                 d0926+70      0                  
    6830     6830   0.44  272.1595  -68.9493  254.2878  -20.8612   9.5  13.52  11.3   6.08  -158   -192   -0.11   -0.40   -0.16  14.0                  Phoenix      0          14-12 12
 5072214        0   3.79  310.5702   20.4266  158.8979   -4.1209  -2.0  20.60  16.0   6.07  9999   9999   -3.53    1.36   -0.27  14.0                 CENA-DW2      0                  
 9000000        0   3.77  307.9523   18.1817  160.7532   -6.9018   0.0   0.00  16.0   6.06  9999   9999   -3.53    1.23   -0.45  14.0             CenA-MM-UCD1      0                  
 5060430     2557   0.82  109.8017  -30.7738  324.0518   19.8099  -2.0  17.00  12.7   6.06    74     12    0.62   -0.45    0.28  14.0             Andromeda-29      0                  
 5056947    28630   4.07  140.6847   42.2964   42.3703    1.8093  10.0  20.29  16.2   6.05  9999   9999    3.01    2.74    0.13  14.0                 d1015+69      0                  
 5057227     2557   0.82  127.7893  -16.2502  342.6520    7.3548  -3.0  17.30  12.9   5.98   130     69    0.78   -0.24    0.10  14.0           Andromeda-XXIV      0                  
    3792     2557   0.65  126.7607  -40.8892  318.1326    3.8003  -1.0  16.01  12.5   5.94   -76   -126    0.48   -0.43    0.04  14.0                     LGS3      0          14-12 12
 4608690     2557   0.88  120.2321  -18.4744  339.1210   14.0581  -2.0  17.60  13.2   5.92    23    -43    0.80   -0.30    0.21  14.0           Andromeda-XVII      0                  
 5065056     2557   0.68  120.4633  -13.1539  344.5582   14.8572  -3.0  17.40  12.7   5.90   141     90    0.63   -0.18    0.17  14.0             Andromeda-30      0                  
 5056933    28630   3.84  142.6575   39.9913   40.2810    0.0328  -3.0  20.56  16.5   5.88  9999   9999    2.93    2.48    0.00  14.0                 d0944+69      0                  
 5056921     2557   0.74  125.7515  -17.9845  340.6064    8.9981  -3.0  18.00  13.4   5.69    98     42    0.69   -0.24    0.12  14.0              Andromeda-X      0                  
 5509264        0   3.84  308.5696   20.5657  158.4758   -5.9524  -2.0  21.70  17.1   5.64  9999   9999   -3.55    1.40   -0.40  14.0                 CENA-DW5      0                  
 5056932    28630   3.65  140.6598   38.5062   38.6042    1.3696  10.0  19.84  17.1   5.60  9999   9999    2.85    2.28    0.09  14.0                 d0939+71      0                  
 5057232     2557   0.99  132.5870  -34.1013  325.6071    0.3957  -3.0  19.00  14.6   5.46    85     11    0.82   -0.56    0.01  14.0           Andromeda-XXII      0                  
 5056920     2557   0.86  112.8730  -26.8799  328.8762   18.5316  -3.0  19.00  14.7   5.30  -182   -247    0.70   -0.42    0.27  14.0             Andromeda-XX      0                  
 5057229     2557   0.83  118.1435  -14.6981  342.5413   16.7778  -3.0  19.70  15.2   5.07    22    -40    0.76   -0.24    0.24  14.0           Andromeda-XXVI      0                  
 5072714  5072714   7.82  164.1404  -38.8323  319.9506  -24.6933   0.0  17.50  21.0   4.70   621     34    5.44   -4.57   -3.27  14.4                Galfa-dw3      0                  
